27 24
26 23 23 23 23 23 23 23 23 23 23 23 23 23 23 28 0 0 0 0 0 0 0 0 0 0 0 
17 5 5 5 5 20 5 15 15 5 20 5 5 5 5 17 0 0 0 0 0 0 0 0 0 0 0 
17 10 10 10 10 10 10 10 10 10 10 10 10 10 10 17 0 0 0 0 0 0 0 0 0 0 0 
17 10 10 10 10 10 10 10 10 10 10 10 10 10 10 17 0 0 0 0 0 0 0 0 0 0 0 
17 10 10 10 10 10 10 10 10 10 10 10 10 10 10 17 0 0 0 0 0 0 0 0 0 0 0 
17 10 10 10 10 10 10 10 10 10 10 10 10 10 10 17 0 0 0 0 0 0 0 0 0 0 0 
17 10 10 10 10 10 10 10 10 10 10 10 10 10 10 17 0 0 0 0 0 0 0 0 0 0 0 
17 10 10 10 10 10 10 10 10 10 10 10 10 10 10 17 0 0 0 0 0 0 0 0 0 0 0 
17 10 10 10 10 10 10 10 10 10 10 10 10 10 10 17 0 0 0 0 0 0 0 0 0 0 0 
17 10 10 10 1 6 6 6 6 11 10 10 10 10 10 17 0 0 0 0 0 0 0 0 0 0 0 
17 10 10 10 2 24 24 24 24 12 10 10 10 10 10 27 23 23 23 23 23 23 23 23 23 23 28 
17 10 10 10 2 24 24 24 24 12 10 10 10 10 10 5 5 20 5 15 15 15 5 20 5 5 17 
17 10 10 10 3 8 8 8 8 13 10 10 10 10 10 10 10 10 10 10 10 10 10 10 10 10 17 
17 10 10 10 5 15 5 20 5 5 10 10 10 10 10 10 10 10 10 10 10 10 10 10 10 10 17 
17 10 10 10 10 10 10 10 10 10 10 10 10 10 10 10 10 10 10 10 10 10 10 10 10 10 17 
17 10 10 10 10 10 10 10 10 10 10 10 10 10 10 10 10 10 10 10 10 10 10 10 10 10 17 
17 10 10 10 10 10 10 10 10 10 10 10 10 10 10 10 10 10 10 10 10 10 10 10 10 10 17 
17 10 10 10 10 10 10 10 10 10 10 10 10 10 10 10 10 10 10 10 10 10 10 10 10 10 17 
17 10 10 10 10 10 10 10 10 10 10 10 10 10 10 10 10 10 10 10 10 10 10 10 10 10 17 
17 10 10 10 10 10 10 10 10 10 10 10 10 10 10 10 10 10 10 10 10 10 10 10 10 10 17 
17 10 10 10 10 10 10 10 10 10 10 10 10 10 10 10 10 10 10 10 10 10 10 10 10 10 17 
17 10 10 10 10 10 10 10 10 10 10 10 10 10 10 10 10 10 10 10 10 10 10 10 10 10 17 
27 23 23 23 23 23 23 23 23 23 23 23 23 23 23 23 23 23 23 23 23 23 23 23 23 23 29 
0 0 0 0 0 0 0 0 0 0 0 0 0 0 0 0 0 0 0 0 0 0 0 0 0 0 0 
1 1 1 1 1 1 1 1 1 1 1 1 1 1 1 1 0 0 0 0 0 0 0 0 0 0 0 
1 1 1 1 1 1 1 1 1 1 1 1 1 1 1 1 0 0 0 0 0 0 0 0 0 0 0 
1 0 0 0 0 0 0 0 0 0 0 0 0 0 0 1 0 0 0 0 0 0 0 0 0 0 0 
1 0 0 0 0 0 0 0 0 0 0 0 0 0 0 1 0 0 0 0 0 0 0 0 0 0 0 
1 0 0 0 0 0 0 0 0 0 0 0 0 0 0 1 0 0 0 0 0 0 0 0 0 0 0 
1 0 0 0 0 0 0 0 0 0 0 0 0 0 0 1 0 0 0 0 0 0 0 0 0 0 0 
1 0 0 0 0 0 0 0 0 0 0 0 0 0 0 1 0 0 0 0 0 0 0 0 0 0 0 
1 0 0 0 0 0 0 0 0 0 0 0 0 0 0 1 0 0 0 0 0 0 0 0 0 0 0 
1 0 0 0 0 0 0 0 0 0 0 0 0 0 0 1 0 0 0 0 0 0 0 0 0 0 0 
1 0 0 0 1 1 1 1 1 1 0 0 0 0 0 1 0 0 0 0 0 0 0 0 0 0 0 
1 0 0 0 1 1 1 1 1 1 0 0 0 0 0 1 1 1 1 1 1 1 1 1 1 1 1 
1 0 0 0 1 1 1 1 1 1 0 0 0 0 0 1 1 1 1 1 1 1 1 1 1 1 1 
1 0 0 0 1 1 1 1 1 1 0 0 0 0 0 0 0 0 0 0 0 0 0 0 0 0 1 
1 0 0 0 1 1 1 1 1 1 0 0 0 0 0 0 0 0 0 0 0 0 0 0 0 0 1 
1 0 0 0 0 0 0 0 0 0 0 0 0 0 0 0 0 0 0 0 0 0 0 0 0 0 1 
1 0 0 0 0 0 0 0 0 0 0 0 0 0 0 0 0 0 0 0 0 0 0 0 0 0 1 
1 0 0 0 0 0 0 0 0 0 0 0 0 0 0 0 0 0 0 0 0 0 0 0 0 0 1 
1 0 0 0 0 0 0 0 0 0 0 0 0 0 0 0 0 0 0 0 0 0 0 0 0 0 1 
1 0 0 0 0 0 0 0 0 0 0 0 0 0 0 0 0 0 0 0 0 0 0 0 0 0 1 
1 0 0 0 0 0 0 0 0 0 0 0 0 0 0 0 0 0 0 0 0 0 0 0 0 0 1 
1 0 0 0 0 0 0 0 0 0 0 0 0 0 0 0 0 0 0 0 0 0 0 0 0 0 1 
1 0 0 0 0 0 0 0 0 0 0 0 0 0 0 0 0 0 0 0 0 0 0 0 0 0 1 
1 1 1 1 1 1 1 1 1 1 1 1 1 1 1 1 1 1 1 1 1 1 1 1 1 1 1 
0 0 0 0 0 0 0 0 0 0 0 0 0 0 0 0 0 0 0 0 0 0 0 0 0 0 0 
6
1 8
1 7
13 5
11 19
11 20
11 21